world: world
x: -4.504898213976787
y: 66.0
z: 5.429339257269514
yaw: 46.01523
pitch: 7.7415786
name: crates
