world: world
x: 949.9943310791492
y: 77.0
z: -1022.3944468808552
yaw: 91.75006
pitch: 12.766743
name: Mall
