world: world
x: 5.55714213002734
y: 66.0
z: 5.597763563495464
yaw: 315.5405
pitch: 12.411041
name: rules
