world: world
x: 0.5447074143771657
y: 67.0
z: 0.591785933251752
yaw: -181.08728
pitch: 54.00358
name: spawn
