world: world
x: 356.60597601216284
y: 65.9375
z: 672.5601007282842
yaw: 0.9022217
pitch: 8.6505995
name: village
