lastAccountName: BowMaster_7
timestamps:
  login: 1502322708443
  logout: 1502322856634
ipAddress: 47.187.198.100
lastlocation:
  world: world
  x: -149.5
  y: 69.0
  z: -288.5
  yaw: 0.0
  pitch: 0.0
logoutlocation:
  world: world
  x: -116.58900307252608
  y: 66.5
  z: -293.4789969704291
  yaw: 64.123634
  pitch: 12.750027
