lastAccountName: Hubert6194
timestamps:
  login: 1502323999453
  lastteleport: 1483586438679
  kits:
    starter: 1483586143195
  logout: 1502324107805
ipAddress: 47.187.194.56
lastlocation:
  world: world
  x: -152.5
  y: 67.0
  z: -280.5
  yaw: 0.0
  pitch: 0.0
logoutlocation:
  world: world
  x: -143.64161257593017
  y: 67.0
  z: -278.07179362778015
  yaw: -177.0758
  pitch: 43.771053
