lastAccountName: King_cheesecake
timestamps:
  login: 1490144119499
  lastteleport: 1490144414986
  logout: 1490144640542
ipAddress: 74.132.106.87
lastlocation:
  world: world
  x: 2.7157621804850427
  y: 66.0
  z: 6.629647793207001
  yaw: -29.794525
  pitch: -4.001169
logoutlocation:
  world: world
  x: 1364.316200431758
  y: 63.0
  z: -206.8359966890973
  yaw: 120.642426
  pitch: 20.699991
