logoutlocation:
  world: world
  x: 63.034190367546174
  y: 81.0
  z: 7.907088483744655
  yaw: -193.89398
  pitch: 34.398952
timestamps:
  logout: 1494285959370
