lastAccountName: SimplyTB
timestamps:
  login: 1494280395652
  logout: 1494281016703
  lastteleport: 1494280995246
ipAddress: 73.2.1.28
lastlocation:
  world: world
  x: -394.30800975624965
  y: 64.0
  z: 29.793579590259874
  yaw: -1.2739258
  pitch: 50.58978
logoutlocation:
  world: world
  x: -3.3154937006593785
  y: 65.0
  z: -41.731001274586895
  yaw: -91.5939
  pitch: 0.7988304
