lastAccountName: Johnsface101
timestamps:
  login: 1494975170877
  logout: 1494975267986
ipAddress: 76.186.125.4
lastlocation:
  world: world
  x: -139.5
  y: 67.0
  z: -298.5
  yaw: 0.0
  pitch: 0.0
logoutlocation:
  world: world
  x: -120.00085094064484
  y: 66.0
  z: -350.8387938923724
  yaw: 58.873657
  pitch: 10.621051
