logoutlocation:
  world: world
  x: 0.3758122032105156
  y: 63.0
  z: -33.30324421449305
  yaw: -80.549255
  pitch: 6.541924
timestamps:
  logout: 1494285961524
