lastAccountName: LauraLindberg
timestamps:
  login: 1494802898741
  logout: 1494802966481
ipAddress: 76.186.125.4
lastlocation:
  world: world
  x: -143.5
  y: 68.0
  z: -283.5
  yaw: 0.0
  pitch: 0.0
logoutlocation:
  world: world
  x: -320.79809566917993
  y: 69.0
  z: -76.30000001192094
  yaw: -96.52612
  pitch: 59.671078
