lastAccountName: BetterBacon
timestamps:
  login: 1489953450388
  logout: 1489953807691
  lastteleport: 1489953774242
  kits:
    starter: 1489260949928
ipAddress: 24.15.241.101
lastlocation:
  world: world
  x: 213.81540430087756
  y: 64.0
  z: 447.74703927912265
  yaw: 357.8689
  pitch: -1.2796861
logoutlocation:
  world: world
  x: 25.597791230404777
  y: 63.0
  z: -10.629402526822272
  yaw: -294.14587
  pitch: -2.9661782
