lastAccountName: Mar100
timestamps:
  login: 1494883972533
  logout: 1494884277477
ipAddress: 76.186.125.4
lastlocation:
  world: world
  x: -138.5
  y: 152.0
  z: -281.5
  yaw: 0.0
  pitch: 0.0
logoutlocation:
  world: world
  x: 11.069776601194464
  y: 61.0
  z: -296.2486349213129
  yaw: 234.07352
  pitch: 21.599987
