lastAccountName: DDosDoxos
timestamps:
  login: 1494802362124
  lastteleport: 1494802312873
  logout: 1494802399141
ipAddress: 76.186.125.4
lastlocation:
  world: world
  x: -127.72447323323416
  y: 68.0
  z: -278.7422185132278
  yaw: -195.16876
  pitch: 36.74999
logoutlocation:
  world: world
  x: -169.9523254752073
  y: 66.0
  z: -237.39911136481138
  yaw: -195.67638
  pitch: 23.400005
