lastAccountName: TheRealColmagi
timestamps:
  login: 1494198228805
  logout: 1494285938520
ipAddress: 127.0.0.1
lastlocation:
  world: world
  x: -9.5
  y: 84.0
  z: -7.5
  yaw: 0.0
  pitch: 0.0
logoutlocation:
  world: world
  x: -169.2018262077658
  y: 81.0
  z: 244.44691111741292
  yaw: -51.17022
  pitch: 13.358215
