lastAccountName: Ben68880147
timestamps:
  login: 1494452120155
  logout: 1494453301350
  lastteleport: 1494453245740
ipAddress: 98.162.206.114
lastlocation:
  world: world
  x: -124.32176715404427
  y: 67.0
  z: -284.28192028050745
  yaw: 120.760254
  pitch: 16.349842
logoutlocation:
  world: world
  x: -133.7207703521274
  y: 67.0
  z: -279.0277494734039
  yaw: -173.1604
  pitch: 2.0999641
