lastAccountName: bryantandpat
timestamps:
  login: 1541739581111
  lastteleport: 1541739894398
  logout: 1541740136340
ipAddress: 47.187.214.123
lastlocation:
  world: world
  x: -289.8111347981942
  y: 69.0
  z: -270.83130012990176
  yaw: 45.081413
  pitch: 23.674076
logoutlocation:
  world: world
  x: -133.2838015829801
  y: 68.0
  z: -280.13372183477526
  yaw: -253.82361
  pitch: 30.45608
