lastAccountName: Blasttrooper55
timestamps:
  login: 1494216381870
  lastteleport: 1494222698117
  kits:
    starter: 1494219113025
  logout: 1494222848370
ipAddress: 99.20.104.115
lastlocation:
  world: world
  x: -0.033245427324358645
  y: 66.0
  z: -8.569091086784068
  yaw: -174.39452
  pitch: 12.498829
logoutlocation:
  world: world
  x: 50.05000001192092
  y: 65.0
  z: -4.456421733081815
  yaw: -175.89447
  pitch: 7.6988225
