lastAccountName: WendadonPlayz_YT
timestamps:
  login: 1494629830188
  lastteleport: 1494289361869
  kits:
    starter: 1494287406466
  logout: 1494629846248
ipAddress: 67.173.67.233
lastlocation:
  world: world
  x: -477.09981017765705
  y: 67.0
  z: -451.7855282637604
  yaw: -32.043945
  pitch: 20.374874
homes:
  home:
    world: world
    x: 232.98614819878577
    y: 65.0
    z: 431.6181411289669
    yaw: 299.63843
    pitch: 3.9006956
money: '0'
logoutlocation:
  world: world
  x: -151.0799303948926
  y: 67.5
  z: -289.3222753339984
  yaw: 169.15234
  pitch: 16.818537
