lastAccountName: Immaproshooter
timestamps:
  login: 1494803377434
  logout: 1494803432695
ipAddress: 76.186.125.4
lastlocation:
  world: world
  x: -136.5
  y: 67.0
  z: -287.5
  yaw: 0.0
  pitch: 0.0
logoutlocation:
  world: world
  x: -144.47402762264375
  y: 70.0
  z: -287.0076248162109
  yaw: -306.5265
  pitch: 21.300066
