world: world
x: 150.1155971545922
y: 70.875
z: -3698.142436987547
yaw: 11.476728
pitch: 20.100164
name: afk
