world: world
x: 311.4785301063339
y: 68.0
z: 381.82840179445435
yaw: -0.22349966
pitch: 12.749981
name: alex
