world: world
x: 75.32491945147213
y: 191.0
z: 343.7625595038815
yaw: 266.51514
pitch: 59.09991
name: black
lastowner: 09906eb9-3bd7-461e-9aff-854e2d4b7835
