world: world
x: -29.69999998807907
y: 1.0
z: 498.30000001192093
yaw: 72.99902
pitch: 46.049946
name: cancer
lastowner: 09906eb9-3bd7-461e-9aff-854e2d4b7835
