world: world
x: 471.3342880701264
y: 68.0
z: 404.45697773317863
yaw: -85.391304
pitch: 50.879204
name: chonk
