world: world
x: 386.4693400008518
y: 50.0
z: 354.14805072671373
yaw: 89.70844
pitch: 54.550762
name: creeper
lastowner: 09906eb9-3bd7-461e-9aff-854e2d4b7835
