world: world
x: 11.599576544375665
y: 59.0
z: -13.341420505691753
yaw: 90.901535
pitch: -0.101757884
name: egg
lastowner: 017ec225-2727-4d08-b15d-c5d9f307a55c
