world: world
x: 394.927675723078
y: 241.0
z: 382.7502844908486
yaw: 186.82141
pitch: 19.590702
name: elytralaunch
