world: world
x: 11.364340123803052
y: 64.5
z: -10.46387409799234
yaw: -132.51843
pitch: 8.827543
name: enchant
