world: world
x: -614.386004331439
y: 34.0
z: -5303.81089190825
yaw: 0.46017456
pitch: -0.15001011
name: enderportal
