world: world_the_end
x: 798.8117929851808
y: 1.0
z: 287.44808330757394
yaw: 81.11334
pitch: 45.156017
name: endfarm
