world: world
x: -13.540065505848416
y: 59.0
z: 11.881589443200836
yaw: -180.37564
pitch: 2.793402
name: gunpowder
lastowner: 017ec225-2727-4d08-b15d-c5d9f307a55c
