world: world
x: 360.1884595586804
y: 70.0
z: 379.86557715940165
yaw: -93.69595
pitch: 55.43395
name: jewishmatt
