world: world
x: 6.529060905997362
y: 59.0
z: 6.752915034051378
yaw: 131.00046
pitch: 4.182232
name: market
