world: world
x: -382.2619956388479
y: 67.0
z: 92.07916936440223
yaw: 178.13666
pitch: 1.2068932
name: medieval_village
