world: world
x: 1727.853647513456
y: 90.0
z: -624.5785011724341
yaw: -156.07253
pitch: 4.8
name: nature
