world: world
x: 1208.6506312251436
y: 43.0
z: -1751.300000011921
yaw: 176.77493
pitch: 74.07695
name: prismarine
lastowner: 017ec225-2727-4d08-b15d-c5d9f307a55c
