world: world
x: 381.519263664388
y: 7.0
z: 362.69278486748226
yaw: 178.59581
pitch: 8.145756
name: profitshop
lastowner: 017ec225-2727-4d08-b15d-c5d9f307a55c
