world: world
x: -5.915984347681022
y: 59.0
z: -6.3476982828165704
yaw: 316.14447
pitch: 12.057926
name: shop
