world: world
x: -5.631407235458524
y: 168.0
z: 315.32695310043204
yaw: -0.37659806
pitch: 55.472416
name: skyfarm
