world: world
x: -605.4326496987813
y: 21.0
z: -5228.485737408231
yaw: -91.715454
pitch: 79.79125
name: spidyspawn
lastowner: c98c1615-0764-41e1-848d-73152bfabe94
