world: world
x: 1129.720466755323
y: 55.01595707665248
z: -1946.765673782405
yaw: 339.47144
pitch: 35.099804
name: treasureshit
lastowner: 09906eb9-3bd7-461e-9aff-854e2d4b7835
