world: world
x: -400.49272039410357
y: 143.0
z: 254.61250065512368
yaw: 177.64893
pitch: 22.575928
name: tree
lastowner: 09906eb9-3bd7-461e-9aff-854e2d4b7835
