world: world
x: -29.189257039642335
y: 68.0
z: 426.8453904602127
yaw: 177.3994
pitch: 35.099808
name: uncancer
lastowner: 09906eb9-3bd7-461e-9aff-854e2d4b7835
