lastAccountName: chishtie2
timestamps:
  login: 1540162499151
  logout: 1540162644201
  lastteleport: 1540162511688
ipAddress: 97.99.243.215
lastlocation:
  world: world
  x: -111.70028262370508
  y: 63.0
  z: 40.39455418802959
  yaw: 185.33447
  pitch: 17.250023
logoutlocation:
  world: world
  x: -3.4942527347287715
  y: 66.0
  z: 8.494105404860953
  yaw: 275.63422
  pitch: 21.91015
