lastAccountName: TheCreepingOwl
timestamps:
  login: 1483500542217
  kits:
    starter: 1483500712783
  logout: 1483500967725
ipAddress: 98.30.158.211
logoutlocation:
  world: world
  x: 96.2871269145216
  y: 75.0
  z: 757.1458403611681
  yaw: 176.97655
  pitch: 9.599994
