lastAccountName: MagicKeeper
timestamps:
  login: 1541212879469
  lastteleport: 1541213076130
  logout: 1541213863840
ipAddress: 47.186.6.90
lastlocation:
  world: world
  x: 478.5
  y: 22.0
  z: -3.5
  yaw: 87.538086
  pitch: 27.749907
logoutlocation:
  world: world
  x: 996.7947651991261
  y: 85.0
  z: 15.435556993648245
  yaw: 307.2887
  pitch: 40.800003
homes:
  home:
    world: world
    x: 478.3462739008604
    y: 21.5
    z: -3.5656287568604057
    yaw: 87.538086
    pitch: 27.749907
money: '48'
