lastAccountName: BigBlockEnergy
timestamps:
  login: 1544146030350
  lastteleport: 1544147338203
  logout: 1544147364051
  kits:
    starter: 1543086649722
ipAddress: 72.180.110.105
lastlocation:
  world: world
  x: 23.121738507077993
  y: 155.0
  z: 302.14317886444934
  yaw: -127.27691
  pitch: -0.15013
money: '52073.500'
logoutlocation:
  world: world
  x: 11.449216998424014
  y: 59.0
  z: -12.375763691048697
  yaw: 130.89455
  pitch: 0.80791426
homes:
  home:
    world: world
    x: 19.889780581875442
    y: 155.0
    z: 302.9395341153402
    yaw: 260.7736
    pitch: 18.122578
