lastlocation:
  world: world
  x: -378.11193181917344
  y: 63.0
  z: -32.995030612073506
  yaw: 304.2188
  pitch: 33.957237
lastAccountName: iMine03
timestamps:
  login: 1550884441639
  logout: 1550889116573
  lastteleport: 1550888092896
  kits:
    elite: 1543723096835
    starter: 1543717631148
    wood: 1542509828636
  mute: 0
ipAddress: 47.187.160.93
logoutlocation:
  world: world
  x: 50.301746005421855
  y: 67.0
  z: 256.5926502571969
  yaw: 80.7926
  pitch: 11.379929
homes:
  brain:
    world: world
    x: 993.1714244883332
    y: 52.0
    z: 188.78601245747726
    yaw: -31.574919
    pitch: 9.240594
  wart:
    world: world
    x: 3677.756116714292
    y: 74.875
    z: 2296.015761446353
    yaw: 262.7375
    pitch: 0.24156564
muted: false
afk: false
money: '110431.115'
