lastAccountName: huntthequest
timestamps:
  login: 1540672031562
  lastteleport: 1503171716261
  logout: 1540672121985
ipAddress: 47.189.17.20
lastlocation:
  world: world
  x: -542.9222526987252
  y: 63.0
  z: 40.09195031575871
  yaw: 310.34326
  pitch: 12.006798
logoutlocation:
  world: world
  x: -418.8152572677865
  y: 69.0
  z: 67.49932715923094
  yaw: 270.68356
  pitch: 8.833042
homes:
  home:
    world: world
    x: -397.7655072596173
    y: 63.0
    z: -11.780188842445412
    yaw: 198.65097
    pitch: 5.9353375
