lastAccountName: CamDog_447
timestamps:
  login: 1500267060873
  logout: 1500267256359
  lastteleport: 1494377386220
  kits:
    starter: 1494376379813
ipAddress: 76.25.152.100
lastlocation:
  world: world
  x: -161.5966310827992
  y: 72.0
  z: 612.2417462243443
  yaw: -181.3648
  pitch: 14.099925
money: '5000'
logoutlocation:
  world: world
  x: 366.30000001192093
  y: 72.0
  z: 704.2353013651375
  yaw: 1.9767743
  pitch: 31.591564
homes:
  home:
    world: world
    x: 799.5648409799448
    y: 70.0
    z: -34.280082026359935
    yaw: 48.35627
    pitch: 21.648878
