lastAccountName: Aight_Bet
timestamps:
  login: 1542780359001
  logout: 1542781460707
  lastteleport: 1542780822542
ipAddress: 72.180.104.252
lastlocation:
  world: world
  x: -8.37466593134667
  y: 59.0
  z: 9.627917145957964
  yaw: -339.92383
  pitch: 3.0439
logoutlocation:
  world: world
  x: -483.4718953410682
  y: 65.0
  z: 111.69999998807901
  yaw: -183.18555
  pitch: 35.018032
