lastAccountName: Matthew_Chang
timestamps:
  login: 1541741590307
  logout: 1541741821933
ipAddress: 47.187.193.163
lastlocation:
  world: world
  x: -6.5
  y: 66.0
  z: 9.5
  yaw: 0.0
  pitch: 0.0
logoutlocation:
  world: world
  x: 19.809039871655862
  y: 63.0
  z: -1.7114352185964719
  yaw: 316.73462
  pitch: 6.0000067
