lastAccountName: epic12308
timestamps:
  login: 1540162013245
  logout: 1540162743645
ipAddress: 47.187.200.76
lastlocation:
  world: world
  x: -2.5
  y: 66.0
  z: -8.5
  yaw: 0.0
  pitch: 0.0
logoutlocation:
  world: world
  x: -147.34815539251923
  y: 63.0
  z: 265.69523590248303
  yaw: 340.94794
  pitch: 23.849983
