lastAccountName: CooKooGuy
timestamps:
  login: 1540141343412
  logout: 1540141628302
ipAddress: 47.187.197.11
lastlocation:
  world: world
  x: -4.5
  y: 66.0
  z: -7.5
  yaw: 0.0
  pitch: 0.0
logoutlocation:
  world: world
  x: 42.69999998807907
  y: 68.0
  z: -33.68958788583051
  yaw: 167.72784
  pitch: 2.2500854
