lastAccountName: ShawntaClausKing
timestamps:
  login: 1542777006733
  logout: 1542777278058
ipAddress: 72.176.248.158
lastlocation:
  world: world
  x: 3.5
  y: 66.0
  z: 9.5
  yaw: 0.0
  pitch: 0.0
logoutlocation:
  world: world
  x: 1.1385208404623612
  y: 66.0
  z: 12.699999988079071
  yaw: -355.11432
  pitch: 31.5101
