lastlocation:
  world: world
  x: -5.5
  y: 66.0
  z: -9.5
  yaw: 0.0
  pitch: 0.0
lastAccountName: LauraLindberg
timestamps:
  login: 1494802441616
  logout: 1494802883694
ipAddress: 76.186.125.4
logoutlocation:
  world: world
  x: -317.45094318736227
  y: 97.28762275876899
  z: 138.3046099395584
  yaw: 242.07996
  pitch: 31.199976
