lastAccountName: Deeesco
timestamps:
  login: 1502939448255
  logout: 1502939638911
  lastteleport: 1489953774242
  kits:
    starter: 1489260949928
ipAddress: 24.15.241.101
lastlocation:
  world: world
  x: 213.81540430087756
  y: 64.0
  z: 447.74703927912265
  yaw: 357.8689
  pitch: -1.2796861
logoutlocation:
  world: world
  x: -5.033635062479277
  y: 63.0
  z: 18.1305941779921
  yaw: 359.31824
  pitch: 31.712986
