lastAccountName: MMMMMMMMMMMMMMMW
timestamps:
  login: 1540686344638
  lastteleport: 1540688430386
  kits:
    starter: 1540686643853
  logout: 1540688673015
ipAddress: 47.187.214.206
lastlocation:
  world: world
  x: 0.40787400581281746
  y: 66.0
  z: 6.644992950092579
  yaw: 4.4721966
  pitch: 36.07644
homes:
  home:
    world: world
    x: -6.386728472070773
    y: 71.0
    z: 208.69999998807907
    yaw: 49.09906
    pitch: 21.457664
logoutlocation:
  world: world
  x: 0.5
  y: 67.0
  z: 0.5
  yaw: -2.315094
  pitch: 34.510147
