lastAccountName: SagingTime
timestamps:
  login: 1542945052167
  lastteleport: 1542948536994
  kits:
    starter: 1542772954368
  logout: 1542943818923
ipAddress: 72.180.70.159
lastlocation:
  world: world
  x: 231.63647613902202
  y: 62.0
  z: 29.30000001192093
  yaw: -7.1276054
  pitch: 90.0
logoutlocation:
  world: world
  x: 471.2216601180212
  y: 69.0
  z: 403.66023210439283
  yaw: 312.99103
  pitch: 22.199505
homes:
  home:
    world: world
    x: 475.4243559178837
    y: 67.0
    z: 405.17477430219213
    yaw: 87.52777
    pitch: 13.649814
money: '1715.375'
