lastAccountName: TheRealColmagi
timestamps:
  login: 1494198228805
  logout: 1494197664522
ipAddress: 127.0.0.1
lastlocation:
  world: world
  x: -9.5
  y: 84.0
  z: -7.5
  yaw: 0.0
  pitch: 0.0
logoutlocation:
  world: world
  x: 0.01107373942161255
  y: 67.0
  z: -1.7440369619900178
  yaw: -12.129849
  pitch: 15.669415
