lastAccountName: Ben68880147
timestamps:
  login: 1494537860882
  logout: 1494538212104
  lastteleport: 1494537872696
ipAddress: 98.162.206.114
lastlocation:
  world: world
  x: 1.9259259662517496
  y: 67.0
  z: -0.09913438654772289
  yaw: -253.4151
  pitch: 1.5101426
logoutlocation:
  world: world
  x: 351.5814157125972
  y: 67.0
  z: 719.0495400764787
  yaw: 246.15266
  pitch: 33.449978
