lastAccountName: bryantandpat
timestamps:
  login: 1545599296215
  kits:
    elite: 1543098329842
    starter: 1543555775080
    wood: 1543553588619
  lastteleport: 1543721050060
  logout: 1545599466523
ipAddress: 47.187.214.123
lastlocation:
  world: world
  x: -14.847712398397062
  y: 176.0
  z: 317.9396939001942
  yaw: -49.263847
  pitch: 24.293842
logoutlocation:
  world: world
  x: -310.3846678654596
  y: 63.5
  z: 5958.988630005616
  yaw: 167.77058
  pitch: 20.019547
homes:
  netherwart:
    world: world
    x: 3668.7395461279575
    y: 70.0
    z: 2298.7030991449387
    yaw: -97.78912
    pitch: 3.4412463
  f:
    world: world
    x: -323.95568024228083
    y: 63.0
    z: 5966.755068155489
    yaw: -108.972534
    pitch: 15.969143
money: '46757.997'
afk: false
