lastAccountName: ahfthemario
timestamps:
  login: 1540520171912
  lastteleport: 1540520024176
  logout: 1540520477324
ipAddress: 47.186.4.35
lastlocation:
  world: world
  x: 149.09232145893742
  y: 67.0
  z: -101.69999998807909
  yaw: -219.96466
  pitch: 13.200001
logoutlocation:
  world: world
  x: 382.93074306247547
  y: 67.0
  z: -322.69999998807907
  yaw: -110.31253
  pitch: 47.25001
