lastAccountName: sethgaley
timestamps:
  login: 1494453957426
  kits:
    wood: 1489614758428
  lastteleport: 1494453996879
  logout: 1494454398453
  lastheal: 1494453631075
ipAddress: 71.120.18.249
lastlocation:
  world: world
  x: 8.332903311298203
  y: 109.15487887250818
  z: -3.459809667397372
  yaw: 58.102722
  pitch: 37.79176
money: '2936'
afk: false
homes:
  home:
    world: world
    x: -1203.905688298824
    y: 76.0
    z: 1297.5559417819597
    yaw: -188.0782
    pitch: 7.9499965
logoutlocation:
  world: world
  x: 3.650595187556336
  y: 59.0
  z: 3.1463878790430027
  yaw: 134.4505
  pitch: 19.349972
