lastAccountName: ben_shapiro2020
timestamps:
  login: 1544160632000
  logout: 1544163492549
  lastteleport: 1544144299110
  kits:
    starter: 1544145373016
ipAddress: 173.172.39.101
lastlocation:
  world: world
  x: 383.44663204452416
  y: 64.0
  z: 400.4349991059854
  yaw: -182.82263
  pitch: -6.600238
logoutlocation:
  world: world
  x: 75.68542678232193
  y: 191.0
  z: 343.53849846865427
  yaw: -105.81485
  pitch: 56.999817
homes:
  home:
    world: world
    x: 89.84291872271466
    y: 62.0
    z: 191.69999998807907
    yaw: 144.59756
    pitch: 28.985744
money: '36539.0'
godmode: false
