lastAccountName: AncientArchangel
timestamps:
  login: 1542917463017
  logout: 1542917803514
ipAddress: 97.99.208.179
lastlocation:
  world: world
  x: 0.5
  y: 68.0
  z: 0.5
  yaw: 3.0583446
  pitch: 0.0
logoutlocation:
  world: world
  x: 18.226593058547163
  y: 63.0
  z: 52.452625358566735
  yaw: -125.99783
  pitch: -5.7210493
