lastAccountName: Bryanloera1990
timestamps:
  login: 1489799189324
  lastteleport: 1489799302892
  logout: 1489799486201
ipAddress: 24.15.251.99
lastlocation:
  world: world
  x: 49.35581382994405
  y: 66.0
  z: -1.7264667009008419
  yaw: 287.3056
  pitch: 16.698816
logoutlocation:
  world: world
  x: -18.725778648982413
  y: 66.0
  z: -371.9586210131186
  yaw: 202.38228
  pitch: 31.35356
