lastAccountName: obbb
timestamps:
  login: 1543018564817
  lastteleport: 1543020106752
  kits:
    expert: 1543016516871
    elite: 1543016503180
    starter: 1543016577150
    veteran: 1542428159158
    wood: 1542427834441
  logout: 1543020204682
ipAddress: 47.187.193.163
lastlocation:
  world: world_the_end
  x: 97.40614714544076
  y: 49.0
  z: -0.6732935169203814
  yaw: 197.86034
  pitch: 74.85004
nickname: nigger
logoutlocation:
  world: world
  x: 337.7847996336843
  y: 80.0
  z: 344.45610471216656
  yaw: 175.0538
  pitch: 4.200035
money: '14'
homes:
  home:
    world: world
    x: 675.123283261089
    y: 58.0
    z: 1097.4668685935815
    yaw: 235.68152
    pitch: 37.049965
