lastlocation:
  world: world
  x: 120.30000001192097
  y: 11.0
  z: 189.01095054934675
  yaw: 117.503174
  pitch: 20.250032
lastAccountName: ShadowVortex101
timestamps:
  login: 1542507632032
  lastteleport: 1542509271412
  logout: 1542511613943
ipAddress: 47.187.207.102
logoutlocation:
  world: world
  x: 138.5261881059734
  y: 66.0
  z: 665.4460408976455
  yaw: -56.75303
  pitch: 40.199955
