lastAccountName: TophatGangster
timestamps:
  login: 1483395246570
  logout: 1483399091474
ipAddress: 173.49.170.94
logoutlocation:
  world: world
  x: 183.81966368394683
  y: 69.0
  z: 217.7123235453855
  yaw: 78.41241
  pitch: 13.705347
