lastAccountName: Nomguy76
timestamps:
  login: 1489970109284
  logout: 1489972782409
  lastteleport: 1489972744196
  kits:
    starter: 1489970497494
ipAddress: 76.205.5.120
lastlocation:
  world: world
  x: 144.69896120890155
  y: 64.0
  z: 417.08787481952453
  yaw: -15.245056
  pitch: 28.950098
logoutlocation:
  world: world
  x: 922.3983053620792
  y: 77.0625
  z: -1011.9772320685671
  yaw: -200.59999
  pitch: 8.116725
homes:
  home:
    world: world
    x: 215.26797189094455
    y: 65.0
    z: 433.78692230827244
    yaw: -6.9959106
    pitch: 24.90002
money: '73.0'
