lastAccountName: bigboi2016
timestamps:
  login: 1542998985694
  lastteleport: 1542999547472
  logout: 1542999599411
  kits:
    starter: 1542766473209
ipAddress: 47.187.214.206
lastlocation:
  world: world
  x: 312.3489445518144
  y: 12.0
  z: 395.8858436961197
  yaw: -10.143285
  pitch: 5.4406157
homes:
  home:
    world: world
    x: -2437.695350012901
    y: 64.0
    z: -5605.179580992447
    yaw: -355.0736
    pitch: 46.14367
logoutlocation:
  world: world
  x: -6.981129730384367
  y: 59.0
  z: -9.271232657180246
  yaw: -198.96642
  pitch: 8.359024
money: '394.0'
