lastAccountName: _PandaGamerFTW_
timestamps:
  login: 1489939479178
  lastteleport: 1489940342239
  kits:
    starter: 1489940054145
  logout: 1489940500496
ipAddress: 71.244.172.151
lastlocation:
  world: world
  x: 900.5216470911785
  y: 85.0
  z: -1030.5291459927905
  yaw: 93.02073
  pitch: -4.914278
logoutlocation:
  world: world
  x: -4.786168639818922
  y: 59.0
  z: -3.300000011920925
  yaw: 191.43733
  pitch: -11.885798
