lastAccountName: WendadonPlayz_YT
timestamps:
  login: 1494629846738
  lastteleport: 1494287833905
  kits:
    starter: 1489537275950
  logout: 1494629856458
ipAddress: 67.173.67.233
lastlocation:
  world: world
  x: 262.30000001192093
  y: 8.0
  z: 373.49972686067156
  yaw: 143.38367
  pitch: 90.0
homes:
  home:
    world: world
    x: 232.98614819878577
    y: 65.0
    z: 431.6181411289669
    yaw: 299.63843
    pitch: 3.9006956
money: '706.0'
logoutlocation:
  world: world
  x: 11.586460586754947
  y: 66.0
  z: 0.8692240020574442
  yaw: -279.54446
  pitch: 20.14883
