lastAccountName: Kayotik
timestamps:
  login: 1489635769062
  lastteleport: 1489636088424
  logout: 1489636417381
ipAddress: 47.189.25.82
lastlocation:
  world: world
  x: 2.4241006739801954
  y: 59.0
  z: 2.142665561213413
  yaw: 132.01465
  pitch: -0.2437059
logoutlocation:
  world: world
  x: -5.858193805859999
  y: 66.0
  z: -0.20984231229579264
  yaw: 269.06253
  pitch: 5.6235995
