lastAccountName: ObamaGivesNoSh
timestamps:
  login: 1542507574518
  lastteleport: 1542511530195
  logout: 1542511568575
  kits:
    starter: 1542510452839
ipAddress: 47.187.207.90
lastlocation:
  world: world
  x: 340.5
  y: 68.0
  z: 368.5
  yaw: -46.319267
  pitch: 32.944305
logoutlocation:
  world: world
  x: 5.2253342807847085
  y: 64.0
  z: 84.4695413045713
  yaw: -27.25149
  pitch: 22.984947
homes:
  home:
    world: world
    x: 341.6488842405137
    y: 68.0
    z: 368.0911385075342
    yaw: -65.33582
    pitch: 26.186335
