lastAccountName: Luigi_138
timestamps:
  login: 1490143898349
  lastteleport: 1490145610408
  kits:
    starter: 1489942471272
  logout: 1490145828673
ipAddress: 50.127.48.76
lastlocation:
  world: world
  x: 358.07499998807907
  y: 68.0
  z: 707.9250000119209
  yaw: -127.1759
  pitch: 17.189236
logoutlocation:
  world: world
  x: 211.07424741983414
  y: 66.5
  z: 455.69999998807907
  yaw: 315.43396
  pitch: 19.650007
money: '11552.0'
homes:
  plot:
    world: world
    x: 904.5
    y: 85.0
    z: -1009.5
    yaw: -0.13671875
    pitch: -4.2000146
  h:
    world: world
    x: 191.96423140347278
    y: 69.0
    z: 439.05201913976987
    yaw: -0.16592407
    pitch: 18.383978
  mod:
    world: world
    x: 1353.5271162044874
    y: 64.0
    z: -220.99855365388757
    yaw: 135.57683
    pitch: 6.949321
