lastAccountName: Immaproshooter
timestamps:
  login: 1494810120064
  logout: 1494810763989
ipAddress: 76.186.125.4
lastlocation:
  world: world
  x: -6.5
  y: 66.0
  z: -1.5
  yaw: 0.0
  pitch: 0.0
logoutlocation:
  world: world
  x: 44.10168485259619
  y: 65.5
  z: 2.5634433806034527
  yaw: -119.16511
  pitch: 9.61015
