lastAccountName: JohnProdman
timestamps:
  login: 1561344377213
  logout: 1561344592140
  lastteleport: 1560963050283
ipAddress: 192.168.1.1
lastlocation:
  world: world
  x: -216.49550324246795
  y: 63.0
  z: -42.829213247927
  yaw: 178.32574
  pitch: 14.445714
afk: false
logoutlocation:
  world: world
  x: -239.66337525590262
  y: 69.18187038724776
  z: 767.2028420595946
  yaw: -116.08708
  pitch: 43.466694
money: '9987969999745.001'
godmode: false
homes:
  oldspawn:
    world: world
    x: -215.60035985456804
    y: 66.61372558068314
    z: -40.17271342985924
    yaw: 106.34838
    pitch: 38.963734
  random:
    world: world
    x: -308.5
    y: 69.0
    z: 761.5
    yaw: 271.869
    pitch: 87.99855
nickname: §4Fluffy§6Bear
