lastAccountName: bigboi2016
timestamps:
  login: 1560803674556
  logout: 1560803701065
ipAddress: 47.187.214.206
lastlocation:
  world: world
  x: -216.5
  y: 64.0
  z: -42.5
  yaw: 4.0641775
  pitch: 0.0
logoutlocation:
  world: world
  x: -218.0222650865256
  y: 63.0
  z: -53.60000026302357
  yaw: -20.04862
  pitch: 18.598978
