lastAccountName: KongKing3751
timestamps:
  login: 1560966059020
  lastteleport: 1560910329812
  logout: 1560972369171
ipAddress: 71.128.150.188
lastlocation:
  world: world
  x: -317.5
  y: 84.0
  z: 756.5
  yaw: 59.87597
  pitch: 51.323914
homes:
  home:
    world: world
    x: -317.1013250522605
    y: 83.87713784993981
    z: 756.962096191757
    yaw: 59.87597
    pitch: 51.323914
logoutlocation:
  world: world
  x: -231.6992137678497
  y: 104.14699682047703
  z: 827.7115492328529
  yaw: -150.6726
  pitch: 19.72943
