world:
  X: 0.37037218360870333
  Y: 116.0
  Z: 0.6358167615506686
  Yaw: -270.16718
  Pitch: 2.0994077
