world: world
x: 231.04789077210742
y: 64.0
z: 446.56587176473636
yaw: -4.6658926
pitch: 30.833927
name: OptiVillage
