world: world
x: 71.42507833742475
y: 61.0
z: 17.478981603818855
yaw: 182.16644
pitch: 18.291992
name: pvp
