world: world
x: -144.49023510170753
y: 70.0
z: -288.7595851621424
yaw: 3.535344
pitch: 39.177925
name: spawn
