lastAccountName: iiBethanyii
timestamps:
  login: 1543628473390
  logout: 1543628512305
ipAddress: 76.186.116.150
lastlocation:
  world: world
  x: 0.37037218360870333
  y: 116.0
  z: 0.6358167615506686
  yaw: -270.16718
  pitch: 2.0994077
logoutlocation:
  world: world
  x: -17.375527693178846
  y: 116.19170640872105
  z: 0.46893940697996206
  yaw: -270.16718
  pitch: 2.0994077
