lastAccountName: chishtie2
timestamps:
  login: 1540162479509
  logout: 1540162499313
ipAddress: 97.99.243.215
lastlocation:
  world: world
  x: 0.37037218360870333
  y: 116.0
  z: 0.6358167615506686
  yaw: -270.16718
  pitch: 2.0994077
logoutlocation:
  world: world
  x: -18.44077785271936
  y: 116.02924290881268
  z: 0.5773736367491283
  yaw: -271.21713
  pitch: 10.049409
