lastAccountName: Kokayn
timestamps:
  login: 1540948753540
  logout: 1540948761205
ipAddress: 47.187.196.37
lastlocation:
  world: world
  x: 0.37037218360870333
  y: 116.0
  z: 0.6358167615506686
  yaw: -270.16718
  pitch: 2.0994077
logoutlocation:
  world: world
  x: -17.568357544490382
  y: 114.94399999976159
  z: -0.11321962778996549
  yaw: 84.19854
  pitch: 7.4327264
