lastAccountName: Optivat_YT
timestamps:
  login: 1494784852749
  logout: 1494784898584
  lastteleport: 1494210788595
  kits:
    veteran: 1494176855499
    wood: 1494168931421
ipAddress: 67.180.225.162
lastlocation:
  world: world
  x: 2.838380293389961
  y: 104.0
  z: 8.672383012618248
  yaw: -213.8651
  pitch: -3.4882429
homes:
  home2:
    world: world
    x: 887.14497620308
    y: 85.0
    z: -1004.6146632292551
    yaw: 172.89514
    pitch: 15.255214
  end:
    world: world_the_end
    x: 1724.4286835552236
    y: 60.0
    z: -1193.537603663941
    yaw: -233.44548
    pitch: 9.440283
  fly:
    world: world
    x: 147.33162553789083
    y: 201.0
    z: 425.7621469784899
    yaw: 233.4584
    pitch: 76.5758
  home:
    world: world
    x: 153.21515692386575
    y: 68.0
    z: 372.7565597446028
    yaw: 242.9055
    pitch: 4.3170695
  endportal:
    world: world_the_end
    x: 1.3931375512249449
    y: 58.0
    z: 7.0811979563643535
    yaw: -190.32828
    pitch: 11.589426
logoutlocation:
  world: world
  x: -18.479781107904977
  y: 116.68402016157734
  z: 1.176677154698619
  yaw: 104.45398
  pitch: 25.136057
godmode: false
money: '9869.0'
afk: false
nickname: §ksa§4Optivat_YT§r§ksa
powertools:
  '280':
  - say stfu
