lastAccountName: PiranhaBoy
timestamps:
  login: 1545588027671
  logout: 1545588040310
ipAddress: 47.187.216.68
lastlocation:
  world: world
  x: 0.37037218360870333
  y: 116.0
  z: 0.6358167615506686
  yaw: -270.16718
  pitch: 2.0994077
logoutlocation:
  world: world
  x: -17.69999998807907
  y: 114.72364910477624
  z: 1.3843834387669793
  yaw: -281.11694
  pitch: 15.299398
