lastAccountName: BowMaster_7
timestamps:
  login: 1543035485886
  logout: 1543035490896
ipAddress: 47.187.209.208
lastlocation:
  world: world
  x: 0.37037218360870333
  y: 116.0
  z: 0.6358167615506686
  yaw: -270.16718
  pitch: 2.0994077
logoutlocation:
  world: world
  x: -17.914496582090198
  y: 116.22600334003916
  z: 1.004428087561102
  yaw: -243.4397
  pitch: 19.35644
afk: false
