lastAccountName: iMine03
timestamps:
  login: 1550884409081
  logout: 1550884441251
ipAddress: 47.187.160.93
lastlocation:
  world: world
  x: 0.37037218360870333
  y: 116.0
  z: 0.6358167615506686
  yaw: -270.16718
  pitch: 2.0994077
logoutlocation:
  world: world
  x: -18.68220692105401
  y: 117.36553165505191
  z: 0.4074014027129563
  yaw: -267.42334
  pitch: -0.15000053
