lastAccountName: Pickled_cactus
timestamps:
  login: 1494792706509
  logout: 1494792724977
ipAddress: 76.186.125.4
lastlocation:
  world: world
  x: 0.37037218360870333
  y: 116.0
  z: 0.6358167615506686
  yaw: -270.16718
  pitch: 2.0994077
logoutlocation:
  world: world
  x: -11.948753435151307
  y: 115.0
  z: -4.378963162759666
  yaw: -185.11717
  pitch: 14.999406
