lastAccountName: huntthequest
timestamps:
  login: 1540671936770
  logout: 1540672030977
ipAddress: 47.189.17.20
lastlocation:
  world: world
  x: 0.37037218360870333
  y: 116.0
  z: 0.6358167615506686
  yaw: -270.16718
  pitch: 2.0994077
logoutlocation:
  world: world
  x: -17.69999998807907
  y: 114.8951999991417
  z: 0.6032537464567083
  yaw: 91.94873
  pitch: 4.331257
