lastAccountName: Hubert6194
timestamps:
  login: 1544146741227
  lastteleport: 1483586438679
  kits:
    starter: 1483586143195
  logout: 1544146747120
ipAddress: 76.186.114.31
lastlocation:
  world: world
  x: 0.37037218360870333
  y: 116.0
  z: 0.6358167615506686
  yaw: -270.16718
  pitch: 2.0994077
logoutlocation:
  world: world
  x: -18.42078286084826
  y: 117.00463551479835
  z: 0.6466808969997514
  yaw: -270.16718
  pitch: 2.0994077
