lastAccountName: CamDog_447
timestamps:
  login: 1500267044747
  logout: 1500267061048
ipAddress: 76.25.152.100
lastlocation:
  world: world
  x: -20.089812720827688
  y: 111.0
  z: 0.8883218240694297
  yaw: -78.99481
  pitch: -30.613333
money: '5000'
logoutlocation:
  world: world
  x: -18.084890596449558
  y: 116.5851423801971
  z: 0.07206537044919299
  yaw: -268.95233
  pitch: 6.762513
