lastAccountName: Aight_Bet
timestamps:
  login: 1542780340126
  logout: 1542780359208
ipAddress: 72.180.104.252
lastlocation:
  world: world
  x: 0.37037218360870333
  y: 116.0
  z: 0.6358167615506686
  yaw: -270.16718
  pitch: 2.0994077
logoutlocation:
  world: world
  x: -17.67119881324895
  y: 114.94399999976159
  z: 1.6737808473049554
  yaw: -270.51898
  pitch: 10.8383255
