lastAccountName: sharknanney
timestamps:
  login: 1544143400008
  logout: 1544143411724
ipAddress: 72.180.98.139
lastlocation:
  world: world
  x: 0.37037218360870333
  y: 116.0
  z: 0.6358167615506686
  yaw: -270.16718
  pitch: 2.0994077
logoutlocation:
  world: world
  x: -18.710695874366046
  y: 116.09956349714814
  z: 0.646389626104647
  yaw: -270.46716
  pitch: 2.2494078
