lastAccountName: Matthew_Chang
timestamps:
  login: 1541741543930
  logout: 1541741590445
ipAddress: 47.187.193.163
lastlocation:
  world: world
  x: 0.37037218360870333
  y: 116.0
  z: 0.6358167615506686
  yaw: -270.16718
  pitch: 2.0994077
logoutlocation:
  world: world
  x: -17.69999998807907
  y: 114.83615999806405
  z: 0.15230126404010993
  yaw: 89.3949
  pitch: 16.631416
