lastAccountName: epic12308
timestamps:
  login: 1540161958378
  logout: 1540162012844
ipAddress: 47.187.200.76
lastlocation:
  world: world
  x: 0.37037218360870333
  y: 116.0
  z: 0.6358167615506686
  yaw: -270.16718
  pitch: 2.0994077
logoutlocation:
  world: world
  x: -17.730756623565213
  y: 116.5851423801971
  z: 0.7670791573360056
  yaw: -304.6541
  pitch: 27.150002
