lastAccountName: CooKooGuy
timestamps:
  login: 1540141332368
  logout: 1540141343652
ipAddress: 47.187.197.11
lastlocation:
  world: world
  x: 0.37037218360870333
  y: 116.0
  z: 0.6358167615506686
  yaw: -270.16718
  pitch: 2.0994077
logoutlocation:
  world: world
  x: -17.69999998807907
  y: 114.94399999976159
  z: 0.280980288761135
  yaw: -271.8169
  pitch: 8.999413
