lastAccountName: SimplyTB
timestamps:
  login: 1494280386961
  logout: 1494280395563
ipAddress: 73.2.1.28
lastlocation:
  world: world
  x: 0.37037218360870333
  y: 116.0
  z: 0.6358167615506686
  yaw: -270.16718
  pitch: 2.0994077
logoutlocation:
  world: world
  x: -17.451918423313412
  y: 116.11175997737408
  z: 0.6536042584326442
  yaw: -273.91702
  pitch: 25.049377
