lastAccountName: Johnsface101
timestamps:
  login: 1494975163701
  logout: 1494975171083
ipAddress: 76.186.125.4
lastlocation:
  world: world
  x: 0.37037218360870333
  y: 116.0
  z: 0.6358167615506686
  yaw: -270.16718
  pitch: 2.0994077
logoutlocation:
  world: world
  x: 20.199060527033037
  y: 115.99339529525588
  z: 0.8178672916063253
  yaw: 270.29608
  pitch: 16.481436
