timestamps:
  lastteleport: 1489976406845
  logout: 1543164563113
  login: 1543164558027
  kits:
    starter: 1489629295252
    wood: 1489625885855
  mute: 0
lastlocation:
  world: world
  x: -7.085838563521355
  y: 115.0
  z: -8.23253278701284
  yaw: 207.5829
  pitch: 20.250011
logoutlocation:
  world: world
  x: -18.495537477819326
  y: 122.04074702801438
  z: 0.6475765488647452
  yaw: -270.16718
  pitch: 2.0994077
lastAccountName: JohnProdman
ipAddress: 76.186.116.150
money: '0'
muted: false
homes:
  home:
    world: world
    x: 154.4863210076194
    y: 65.0
    z: -3701.904203602574
    yaw: 266.3266
    pitch: -10.949865
afk: false
