lastAccountName: Arhke
timestamps:
  login: 1540605812663
  logout: 1540605825989
ipAddress: 67.171.170.100
lastlocation:
  world: world
  x: 0.37037218360870333
  y: 116.0
  z: 0.6358167615506686
  yaw: -270.16718
  pitch: 2.0994077
logoutlocation:
  world: world
  x: -17.46499561234181
  y: 115.09518644871926
  z: 2.0028722005238806
  yaw: 156.14589
  pitch: 31.031427
