lastAccountName: ShawntaClausKing
timestamps:
  login: 1542776986140
  logout: 1542777006957
ipAddress: 72.176.248.158
lastlocation:
  world: world
  x: 0.37037218360870333
  y: 116.0
  z: 0.6358167615506686
  yaw: -270.16718
  pitch: 2.0994077
logoutlocation:
  world: world
  x: -17.888249574353054
  y: 116.52223498129531
  z: 0.9553516500789108
  yaw: -275.7043
  pitch: 13.181404
