lastAccountName: Nellynutton0614
timestamps:
  login: 1545599713023
  logout: 1545599720786
ipAddress: 47.187.213.174
lastlocation:
  world: world
  x: 0.37037218360870333
  y: 116.0
  z: 0.6358167615506686
  yaw: -270.16718
  pitch: 2.0994077
logoutlocation:
  world: world
  x: -18.8935214315045
  y: 116.27013726272213
  z: 0.4627696677727011
  yaw: -311.56668
  pitch: 5.8494296
