lastAccountName: LauraLindberg
timestamps:
  login: 1494802889711
  logout: 1494802898955
ipAddress: 76.186.125.4
lastlocation:
  world: world
  x: 0.37037218360870333
  y: 116.0
  z: 0.6358167615506686
  yaw: -270.16718
  pitch: 2.0994077
logoutlocation:
  world: world
  x: 19.497099609708087
  y: 114.98
  z: -0.7771092795020214
  yaw: -252.46732
  pitch: 24.899391
