lastAccountName: Deeesco
timestamps:
  login: 1502939439728
  logout: 1502939448170
  lastteleport: 1489953774242
  kits:
    starter: 1489260949928
ipAddress: 24.15.241.101
lastlocation:
  world: world
  x: 0.37037218360870333
  y: 116.0
  z: 0.6358167615506686
  yaw: -270.16718
  pitch: 2.0994077
logoutlocation:
  world: world
  x: -17.69999998807907
  y: 114.83615999806405
  z: -0.1525501291517441
  yaw: 89.61083
  pitch: 11.496675
