lastAccountName: Mar100
timestamps:
  login: 1494883813332
  logout: 1494883972582
ipAddress: 76.186.125.4
lastlocation:
  world: world
  x: 0.37037218360870333
  y: 116.0
  z: 0.6358167615506686
  yaw: -270.16718
  pitch: 2.0994077
logoutlocation:
  world: world
  x: 19.69999998807907
  y: 114.83615999806405
  z: 0.2448301511243809
  yaw: -90.16687
  pitch: 7.949963
