lastAccountName: Dragon2934
timestamps:
  login: 1489937067187
  lastteleport: 1489937101694
  logout: 1489937405815
ipAddress: 73.213.174.224
lastlocation:
  world: world
  x: 0.5
  y: 67.0
  z: 0.5
  yaw: -241.44444
  pitch: 21.648832
logoutlocation:
  world: world
  x: 230.5208783157036
  y: 64.0
  z: 445.08866888950206
  yaw: 319.28192
  pitch: 5.5499883
money: '73248.0'
