lastAccountName: MMMMMMMMMMMMMMMW
timestamps:
  login: 1540686333249
  logout: 1540686344874
ipAddress: 47.187.214.206
lastlocation:
  world: world
  x: 0.37037218360870333
  y: 116.0
  z: 0.6358167615506686
  yaw: -270.16718
  pitch: 2.0994077
logoutlocation:
  world: world
  x: -17.523723497857926
  y: 114.98
  z: 0.4839111918698683
  yaw: 78.73503
  pitch: 4.972888
