lastAccountName: JamListn
timestamps:
  login: 1543630686206
  logout: 1543630700456
ipAddress: 47.187.199.139
lastlocation:
  world: world
  x: 0.37037218360870333
  y: 116.0
  z: 0.6358167615506686
  yaw: -270.16718
  pitch: 2.0994077
logoutlocation:
  world: world
  x: -17.699999988079067
  y: 114.81641005986778
  z: 3.3446449697649294
  yaw: -131.56772
  pitch: 28.949398
