lastAccountName: SagingTime
timestamps:
  login: 1542960101634
  logout: 1542945052106
ipAddress: 72.180.70.159
lastlocation:
  world: world
  x: 0.37037218360870333
  y: 116.0
  z: 0.6358167615506686
  yaw: -270.16718
  pitch: 2.0994077
logoutlocation:
  world: world
  x: -18.035722758123
  y: 116.77695928766433
  z: -0.15897284918777027
  yaw: -283.6739
  pitch: -5.85059
