lastAccountName: DragonStarGaming
timestamps:
  login: 1490144154336
  logout: 1490147839773
  kits:
    starter: 1490144660572
  lastteleport: 1490146982510
ipAddress: 66.249.229.185
logoutlocation:
  world: world
  x: 352.4392313270027
  y: 67.0
  z: 674.6999999880791
  yaw: -188.0047
  pitch: 42.908375
homes:
  home:
    world: world
    x: 352.36548164970844
    y: 67.0
    z: 674.2777560425169
    yaw: -75.26373
    pitch: 25.020866
lastlocation:
  world: world
  x: 203.30259486877318
  y: 46.0
  z: 607.9419138243043
  yaw: 354.26642
  pitch: 12.266159
