lastAccountName: DDosDoxos
timestamps:
  login: 1494802339082
  logout: 1494802362357
ipAddress: 76.186.125.4
lastlocation:
  world: world
  x: 0.37037218360870333
  y: 116.0
  z: 0.6358167615506686
  yaw: -270.16718
  pitch: 2.0994077
logoutlocation:
  world: world
  x: 20.05500309475478
  y: 116.52586185439026
  z: 1.4356242173788751
  yaw: -111.61726
  pitch: 60.149395
