lastlocation:
  world: world
  x: 0.37037218360870333
  y: 116.0
  z: 0.6358167615506686
  yaw: -270.16718
  pitch: 2.0994077
lastAccountName: Paul_Resmer
timestamps:
  login: 1542691092891
  logout: 1542691097620
ipAddress: 47.188.49.23
logoutlocation:
  world: world
  x: -18.265857512095952
  y: 116.34758431052342
  z: 0.6456098975459879
  yaw: 87.47772
  pitch: 14.83228
