lastAccountName: Ben68880147
timestamps:
  login: 1494537840951
  logout: 1494537860332
ipAddress: 98.162.206.114
lastlocation:
  world: world
  x: 0.37037218360870333
  y: 116.0
  z: 0.6358167615506686
  yaw: -270.16718
  pitch: 2.0994077
logoutlocation:
  world: world
  x: -18.849866262307884
  y: 115.1250993287487
  z: 0.20430373581421646
  yaw: 90.43277
  pitch: 18.449406
