lastAccountName: bryantandpat
timestamps:
  login: 1545599286245
  logout: 1545599295217
ipAddress: 47.187.214.123
lastlocation:
  world: world
  x: -17.546607908039682
  y: 114.0
  z: -1.6321508986361273
  yaw: -37.367233
  pitch: 54.749397
logoutlocation:
  world: world
  x: -18.508217304895574
  y: 116.32724285889266
  z: -0.5924149843939063
  yaw: -282.6951
  pitch: 14.627319
