lastAccountName: ahfthemario
timestamps:
  login: 1540520163267
  logout: 1540520172159
ipAddress: 47.186.4.35
lastlocation:
  world: world
  x: 0.37037218360870333
  y: 116.0
  z: 0.6358167615506686
  yaw: -270.16718
  pitch: 2.0994077
logoutlocation:
  world: world
  x: -17.537720666553575
  y: 114.94399999976159
  z: 0.4598225166604858
  yaw: -271.21722
  pitch: 17.249403
