lastlocation:
  world: world
  x: 0.37037218360870333
  y: 116.0
  z: 0.6358167615506686
  yaw: -270.16718
  pitch: 2.0994077
lastAccountName: ben_shapiro2020
timestamps:
  login: 1544160522605
  logout: 1544160629252
ipAddress: 173.172.39.101
logoutlocation:
  world: world
  x: -17.420361226314437
  y: 115.0
  z: -0.02519642549042922
  yaw: 190.932
  pitch: 14.849961
