lastAccountName: AncientArchangel
timestamps:
  login: 1542917435657
  logout: 1542917463005
ipAddress: 97.99.208.179
lastlocation:
  world: world
  x: 0.37037218360870333
  y: 116.0
  z: 0.6358167615506686
  yaw: -270.16718
  pitch: 2.0994077
logoutlocation:
  world: world
  x: -17.137963565395232
  y: 115.0
  z: 0.9189342452403356
  yaw: -19.759705
  pitch: 13.985724
