lastAccountName: obbb
timestamps:
  login: 1543018555823
  logout: 1543018564930
ipAddress: 47.187.193.163
lastlocation:
  world: world
  x: 0.37037218360870333
  y: 116.0
  z: 0.6358167615506686
  yaw: -270.16718
  pitch: 2.0994077
logoutlocation:
  world: world
  x: -17.69999998807907
  y: 114.97379999978543
  z: 2.187957768519347
  yaw: -258.16733
  pitch: 3.149999
