lastAccountName: ninja0214
timestamps:
  login: 1494792932131
  logout: 1494793289439
ipAddress: 76.186.125.4
lastlocation:
  world: world
  x: 0.48873194796223973
  y: 116.0
  z: 0.8865813098334908
  yaw: 103.79584
  pitch: 39.43143
logoutlocation:
  world: world
  x: 1.1016897424811418
  y: 129.0
  z: -24.26298749963003
  yaw: 84.29631
  pitch: 46.20009
