lastAccountName: ShadowVortex101
timestamps:
  login: 1542507623771
  logout: 1542507632254
ipAddress: 47.187.207.102
lastlocation:
  world: world
  x: 0.37037218360870333
  y: 116.0
  z: 0.6358167615506686
  yaw: -270.16718
  pitch: 2.0994077
logoutlocation:
  world: world
  x: -18.282135670302495
  y: 115.74279704818066
  z: 0.8196095234280949
  yaw: 82.64577
  pitch: 37.34999
