lastAccountName: Blasttrooper55
timestamps:
  login: 1494216330384
  logout: 1494216382033
ipAddress: 99.20.104.115
lastlocation:
  world: world
  x: 0.37037218360870333
  y: 116.0
  z: 0.6358167615506686
  yaw: -270.16718
  pitch: 2.0994077
logoutlocation:
  world: world
  x: -17.44169785964653
  y: 115.0
  z: 0.4839516199555831
  yaw: 89.69638
  pitch: 7.9499974
