lastAccountName: Mrmapl3syrup
timestamps:
  login: 1542593050800
  lastteleport: 1494792960983
  logout: 1542593056660
  kits:
    firework: 1484597398108
    starter: 1483418451208
    color: 1484597392054
    legend: 1489363177327
    notch: 1484597374657
    dtools: 1484597355919
  mute: 0
  lastheal: 1489369278012
ipAddress: 98.168.149.229
godmode: true
lastlocation:
  world: world
  x: -18.696255085030284
  y: 132.77847832238882
  z: 27.24498478406391
  yaw: -102.9411
  pitch: 32.556274
nickname: §bMr§7maple§bsyrup
homes:
  endcity:
    world: world_the_end
    x: 1728.1895865274582
    y: 139.0
    z: -1171.9109538335651
    yaw: -123.399506
    pitch: -0.22868857
  home:
    world: world
    x: -246.33849669237915
    y: 43.0
    z: -3625.534513605032
    yaw: 267.00488
    pitch: 14.10413
  house:
    world: world
    x: -168.4112019936933
    y: 70.0
    z: -160.70167956757192
    yaw: 180.12933
    pitch: 4.727498
  sky:
    world: world
    x: -215.2755975254552
    y: 115.5625
    z: -262.4516230740397
    yaw: 266.93167
    pitch: 10.923087
  temple:
    world: world
    x: -2315.89188545356
    y: 40.0
    z: -6535.940749654863
    yaw: -270.11218
    pitch: 0.22871462
  illegal:
    world: world
    x: 385.511043241881
    y: 4.0
    z: 755.035629253414
    yaw: 260.2297
    pitch: 28.918333
  build:
    world: world
    x: 1035.1947904322612
    y: 70.0
    z: 1195.8626838937478
    yaw: -11.254761
    pitch: 32.88419
logoutlocation:
  world: world
  x: -17.55823497480561
  y: 114.98
  z: 0.9615109422683735
  yaw: -271.21716
  pitch: 11.549405
afk: false
money: '0'
muted: false
powertools: {}
