lastAccountName: xhellsky_
timestamps:
  login: 1540429408882
  logout: 1540429427898
ipAddress: 47.187.213.180
lastlocation:
  world: world
  x: 0.37037218360870333
  y: 116.0
  z: 0.6358167615506686
  yaw: -270.16718
  pitch: 2.0994077
logoutlocation:
  world: world
  x: -17.69999998807907
  y: 114.94399999976159
  z: 0.39944830302315126
  yaw: 90.30233
  pitch: 8.085466
