lastAccountName: bigboi2016
timestamps:
  login: 1542998977755
  logout: 1542998984277
ipAddress: 47.187.214.206
lastlocation:
  world: world
  x: 0.37037218360870333
  y: 116.0
  z: 0.6358167615506686
  yaw: -270.16718
  pitch: 2.0994077
logoutlocation:
  world: world
  x: -18.97716464369151
  y: 116.5249430439682
  z: 0.4893651732090736
  yaw: -271.21136
  pitch: 8.886702
