lastAccountName: Starfrost_Dragon
timestamps:
  login: 1542507701803
  logout: 1542507707724
ipAddress: 108.73.19.150
lastlocation:
  world: world
  x: 0.37037218360870333
  y: 116.0
  z: 0.6358167615506686
  yaw: -270.16718
  pitch: 2.0994077
logoutlocation:
  world: world
  x: -17.722154134538535
  y: 116.34738279163639
  z: 0.08131542646551498
  yaw: 89.54583
  pitch: 5.531433
