lastAccountName: ObamaGivesNoSh
timestamps:
  login: 1542507569942
  logout: 1542507574753
ipAddress: 47.187.207.90
lastlocation:
  world: world
  x: 0.37037218360870333
  y: 116.0
  z: 0.6358167615506686
  yaw: -270.16718
  pitch: 2.0994077
logoutlocation:
  world: world
  x: -17.54887023515577
  y: 115.01999999910593
  z: 0.607563769166239
  yaw: -265.55713
  pitch: 12.000618
