lastAccountName: Zephyrbot
timestamps:
  login: 1494118423166
  logout: 1494118460536
ipAddress: 207.237.84.35
lastlocation:
  world: world
  x: 6.5
  y: 66.0
  z: -7.5
  yaw: 0.0
  pitch: 0.0
logoutlocation:
  world: world
  x: -0.26793303565537857
  y: 67.0
  z: 0.504960215536858
  yaw: -86.19446
  pitch: 9.048829
