lastAccountName: oceanblxss
timestamps:
  login: 1494793385003
  logout: 1494793386805
ipAddress: 76.186.125.4
lastlocation:
  world: world
  x: 0.37037218360870333
  y: 116.0
  z: 0.6358167615506686
  yaw: -270.16718
  pitch: 2.0994077
logoutlocation:
  world: world
  x: 0.3703721836087033
  y: 116.0
  z: 0.6358167615506686
  yaw: -270.16718
  pitch: 2.0994077
