lastAccountName: Who
timestamps:
  login: 1483584782734
  lastteleport: 1483585510697
  lastheal: 1483584887181
  logout: 1483585606197
  kits:
    starter: 1483585590844
ipAddress: 108.235.65.104
homes:
  home:
    world: world_nether
    x: -141.45750603299362
    y: 60.875
    z: 130.005939468473
    yaw: 129.75061
    pitch: 20.549986
  island:
    world: world
    x: 399.51211341421
    y: 65.0
    z: -2174.914896874963
    yaw: 268.92575
    pitch: 14.4000025
  cave:
    world: world
    x: 584.6999999880791
    y: 11.0
    z: 1057.217043883381
    yaw: 136.65082
    pitch: 15.749841
lastlocation:
  world: world
  x: 12.552437596525918
  y: 64.5
  z: -11.161662656965689
  yaw: 107.24811
  pitch: -5.9445505
nickname: §6§ki§bW§dh§bo§r§6§ki
afk: false
logoutlocation:
  world: world
  x: 16.30000001192093
  y: 60.01204025870097
  z: 0.37390040392929874
  yaw: -28.94989
  pitch: 9.000045
money: '192'
