lastAccountName: Immaproshooter
timestamps:
  login: 1494810109053
  logout: 1494810120260
ipAddress: 76.186.125.4
lastlocation:
  world: world
  x: 0.37037218360870333
  y: 116.0
  z: 0.6358167615506686
  yaw: -270.16718
  pitch: 2.0994077
logoutlocation:
  world: world
  x: -17.41890574946483
  y: 114.8951999991417
  z: 0.052201485562001076
  yaw: -123.76711
  pitch: 2.0993927
