jails: 
  timeoutbox: 
    world: world
    x: -755.5109708914424
    y: 87.0
    z: -339.43071059710013
    yaw: 358.41626
    pitch: 11.774967
