spawns: 
  default: 
    world: world
    x: -216.49550324246795
    y: 63.0
    z: -42.829213247927
    yaw: 178.32574
    pitch: 14.445714
