spawns: 
  default: 
    world: world
    x: -216.5
    y: 63.0
    z: -40.5
    yaw: 179.21362
    pitch: 12.750064
