world: world
x: 53.629406521330765
y: 63.0
z: -14.704367447719983
yaw: 227.39922
pitch: 36.788708
name: coral
lastowner: 0f9d4172-c235-4bd2-9897-490c4a93ddfe
