world: world
x: -5911.203133849939
y: 77.0
z: -183.5010089992736
yaw: 236.37402
pitch: 14.924969
name: igloo
lastowner: 0f9d4172-c235-4bd2-9897-490c4a93ddfe
