world: world
x: -279.2692863768488
y: 102.0
z: -316.025791488828
yaw: 25.878967
pitch: 14.582868
name: island
lastowner: 0f9d4172-c235-4bd2-9897-490c4a93ddfe
