world: world
x: -755.250064520671
y: 92.0
z: -339.75142413942547
yaw: 3.244629
pitch: 19.8
name: jail
lastowner: 0f9d4172-c235-4bd2-9897-490c4a93ddfe
