world: world
x: 2311.3551713476327
y: 96.0
z: 3417.298170638332
yaw: 188.3742
pitch: 71.25002
name: jungle
lastowner: 0f9d4172-c235-4bd2-9897-490c4a93ddfe
