world: world
x: -262.61999052163867
y: 70.50024935633081
z: 794.5781538782478
yaw: 239.28058
pitch: 7.914097
name: logitech
lastowner: 0f9d4172-c235-4bd2-9897-490c4a93ddfe
