world: world
x: -611.9262579603334
y: 88.0
z: 15629.398333105371
yaw: -185.63603
pitch: 11.316312
name: mansion
lastowner: 0f9d4172-c235-4bd2-9897-490c4a93ddfe
