world: world
x: 0.699999988079071
y: 12.0
z: 1.3000000119209292
yaw: 68.2137
pitch: 17.55
name: mine
lastowner: 0f9d4172-c235-4bd2-9897-490c4a93ddfe
