world: world
x: -3203.723022084865
y: 63.0
z: -2447.5006655793236
yaw: 91.77371
pitch: 36.150013
name: prismarine
lastowner: 0f9d4172-c235-4bd2-9897-490c4a93ddfe
